0.000000	0	0
0.000000	0	0
25.083118	53	27497
30.232224	53	27497
22.623404	53	27497
22.623404	53	27497
22.623404	53	27497
22.623404	53	27497
22.623404	53	27497
22.623404	53	27497
22.623404	53	27497
22.623404	53	27497
22.623404	53	27497
22.623404	53	27497
22.623404	53	27497
22.623404	53	27497
22.623404	53	27497
22.623404	53	27497
22.623404	53	27497
23.759722	54	27497
23.759722	54	27497
23.759722	54	27497
23.759722	54	27497
23.759722	54	27497
23.759722	54	27497
23.759722	54	27497
23.759722	54	27497
23.759722	54	27497
23.759722	54	27497
23.759722	54	27497
23.759722	54	27497
23.759722	54	27497
23.759722	54	27497
23.759722	54	27497
23.759722	54	27497
23.759722	54	27497
23.759722	54	27497
23.759722	54	27497
23.759722	54	27497
23.759722	54	27497
23.759722	54	27497
23.759722	54	27497
23.759722	54	27497
23.759722	54	27497
23.759722	54	27497
23.759722	54	27497
23.759722	54	27497
23.759722	54	27497
23.759722	54	27497
23.759722	54	27497
23.759722	54	27497
23.759722	54	27497
23.759722	54	27497
23.759722	54	27497
23.759722	54	27497
23.759722	54	27497
23.759722	54	27497
23.759722	54	27497
23.759722	54	27497
23.759722	54	27497
23.759722	54	27497
23.759722	54	27497
23.759722	54	27497
23.759722	54	27497
23.759722	54	27497
23.759722	54	27497
23.759722	54	27497
25.322588	54	27308
25.322588	54	27308
19.630964	54	27308
19.630964	54	27308
19.630964	54	27308
19.630964	54	27308
16.905449	85	54706
11.203757	53	54706
11.203757	53	54706
11.290244	53	54706
13.313051	53	54706
15.308475	53	27497
15.239569	53	54706
16.043148	53	27497
15.301403	53	27497
13.975690	53	54706
14.664815	53	54706
12.097562	53	54706
11.663271	53	54706
11.981397	53	54706
11.981397	53	54706
12.170950	53	54706
12.170950	53	54706
12.170950	53	54706
12.170950	53	54706
12.170950	53	54706
12.170950	53	54706
12.170950	53	54706
12.170950	53	54706
12.170950	53	54706
12.170950	53	54706
12.170950	53	54706
12.170950	53	54706
12.170950	53	54706
12.170950	53	54706
12.170950	53	54706
57.215004	4644	27308
57.215004	4644	27308
57.215004	4644	27308
57.215004	4644	27308
57.215004	4644	27308
57.215004	4644	27308
57.215004	4644	27308
57.215004	4644	27308
57.215004	4644	27308
57.215004	4644	27308
57.215004	4644	27308
57.215004	4644	27308
57.215004	4644	27308
57.215004	4644	27308
57.215004	4644	27308
57.215004	4644	27308
57.215004	4644	27308
57.215004	4644	27308
57.215004	4644	27308
57.215004	4644	27308
57.215004	4644	27308
57.215004	4644	27308
57.215004	4644	27308
57.215004	4644	27308
57.215004	4644	27308
57.215004	4644	27308
57.215004	4644	27308
57.215004	4644	27308
33.866982	4644	27308
36.239582	4644	27308
36.239582	4644	27308
12.395555	4644	27308
10.610488	53	54706
10.610488	53	54706
10.610488	53	54706
10.610488	53	54706
10.610488	53	54706
10.610488	53	54706
10.610488	53	54706
10.610488	53	54706
10.610488	53	54706
10.247387	53	54706
10.247387	53	54706
10.247387	53	54706
10.247387	53	54706
10.247387	53	54706
10.247387	53	54706
10.247387	53	54706
10.247387	53	54706
10.247387	53	54706
10.247387	53	54706
10.247387	53	54706
10.247387	53	54706
10.247387	53	54706
10.247387	53	54706
10.247387	53	54706
10.247387	53	54706
10.247387	53	54706
10.247387	53	54706
10.247387	53	54706
10.247387	53	54706
10.247387	53	54706
10.247387	53	54706
10.247387	53	54706
10.247387	53	54706
10.247387	53	54706
9.942285	53	54706
9.942285	53	54706
9.942285	53	54706
9.678209	53	54706
9.449988	53	54706
9.449988	53	54706
9.449988	53	54706
9.449988	53	54706
9.449988	53	54706
9.449988	53	54706
9.449988	53	54706
9.449988	53	54706
9.449988	53	54706
9.449988	53	54706
9.449988	53	54706
9.449988	53	54706
9.449988	53	54706
9.449988	53	54706
9.449988	53	54706
9.449988	53	54706
9.449988	53	54706
9.449988	53	54706
9.449988	53	54706
9.449988	53	54706
9.449988	53	54706
9.449988	53	54706
9.449988	53	54706
9.449988	53	54706
9.449988	53	54706
9.449988	53	54706
9.449988	53	54706
9.449988	53	54706
9.449988	53	54706
9.449988	53	54706
9.449988	53	54706
9.449988	53	54706
9.449988	53	54706
9.037988	53	54706
9.037988	53	54706
9.037988	53	54706
9.037988	53	54706
9.037988	53	54706
9.037988	53	54706
9.037988	53	54706
9.037988	53	54706
9.037988	53	54706
9.037988	53	54706
9.037988	53	54706
9.037988	53	54706
9.037988	53	54706
9.037988	53	54706
9.037988	53	54706
8.919643	53	54706
8.919643	53	54706
8.919643	53	54706
8.526554	53	54706
8.590907	53	54706
8.590907	53	54706
8.590907	53	54706
8.590907	53	54706
8.590907	53	54706
8.590907	53	54706
8.590907	53	54706
8.590907	53	54706
8.460093	53	54706
8.460093	53	54706
8.460093	53	54706
8.460093	53	54706
8.530624	53	54706
8.626349	53	54706
8.626349	53	54706
8.626349	53	54706
8.510023	53	54706
10.203958	12192	27497
10.203958	12192	27497
10.203958	12192	27497
8.804939	12192	27497
8.804939	12192	27497
8.324775	53	54706
8.253551	53	54706
8.253551	53	54706
8.253551	53	54706
8.253551	53	54706
8.253551	53	54706
7.854628	53	54706
7.854628	53	54706
7.854628	53	54706
7.854628	53	54706
7.854628	53	54706
7.854628	53	54706
7.810524	12192	27497
7.810524	12192	27497
7.810524	12192	27497
7.810524	12192	27497
7.810524	12192	27497
7.810524	12192	27497
7.810524	12192	27497
7.810524	12192	27497
7.810524	12192	27497
7.810524	12192	27497
7.810524	12192	27497
7.810524	12192	27497
7.810524	12192	27497
7.810524	12192	27497
7.907447	12192	27497
7.907447	12192	27497
7.907447	12192	27497
7.907447	12192	27497
7.907447	12192	27497
7.907447	12192	27497
7.907447	12192	27497
7.907447	12192	27497
7.907447	12192	27497
7.907447	12192	27497
7.907447	12192	27497
7.907447	12192	27497
7.907447	12192	27497
7.907447	12192	27497
7.907447	12192	27497
7.907447	12192	27497
7.907447	12192	27497
7.907447	12192	27497
7.907447	12192	27497
7.907447	12192	27497
7.907447	12192	27497
7.907447	12192	27497
7.907447	12192	27497
7.907447	12192	27497
7.907447	12192	27497
7.907447	12192	27497
7.907447	12192	27497
8.108897	12192	27497
8.108897	12192	27497
8.799299	12192	27497
8.799299	12192	27497
8.799299	12192	27497
8.799299	12192	27497
8.799299	12192	27497
8.799299	12192	27497
8.799299	12192	27497
8.799299	12192	27497
8.799299	12192	27497
8.799299	12192	27497
8.799299	12192	27497
8.799299	12192	27497
8.799299	12192	27497
8.799299	12192	27497
8.799299	12192	27497
8.787556	12192	27497
8.787556	12192	27497
8.787556	12192	27497
8.787556	12192	27497
8.883566	12192	27497
8.883566	12192	27497
8.883566	12192	27497
8.883566	12192	27497
8.883566	12192	27497
8.883566	12192	27497
8.883566	12192	27497
8.883566	12192	27497
8.883566	12192	27497
8.883566	12192	27497
8.883566	12192	27497
8.883566	12192	27497
8.883566	12192	27497
8.883566	12192	27497
8.883566	12192	27497
8.883566	12192	27497
8.883566	12192	27497
8.883566	12192	27497
8.883566	12192	27497
8.883566	12192	27497
8.883566	12192	27497
8.883566	12192	27497
8.883566	12192	27497
8.883566	12192	27497
8.883566	12192	27497
8.883566	12192	27497
8.883566	12192	27497
9.331029	12192	27497
9.331029	12192	27497
9.331029	12192	27497
9.331029	12192	27497
9.331029	12192	27497
9.331029	12192	27497
9.331029	12192	27497
9.331029	12192	27497
9.331029	12192	27497
9.331029	12192	27497
9.331029	12192	27497
9.331029	12192	27497
9.331029	12192	27497
9.331029	12192	27497
9.331029	12192	27497
9.331029	12192	27497
9.331029	12192	27497
9.331029	12192	27497
9.331029	12192	27497
9.331029	12192	27497
9.331029	12192	27497
9.331029	12192	27497
9.331029	12192	27497
9.331029	12192	27497
9.331029	12192	27497
9.331029	12192	27497
9.331029	12192	27497
9.331029	12192	27497
9.331029	12192	27497
9.331029	12192	27497
9.331029	12192	27497
9.331029	12192	27497
9.331029	12192	27497
9.331029	12192	27497
7.068424	12192	27308
7.068424	12192	27308
7.068424	12192	27308
7.068424	12192	27308
7.068424	12192	27308
7.068424	12192	27308
7.068424	12192	27308
7.068424	12192	27308
7.068424	12192	27308
7.483653	12192	27308
7.483653	12192	27308
7.483653	12192	27308
7.483653	12192	27308
7.483653	12192	27308
7.483653	12192	27308
7.483653	12192	27308
7.483653	12192	27308
7.483653	12192	27308
7.483653	12192	27308
7.483653	12192	27308
7.483653	12192	27308
7.483653	12192	27308
8.026394	12192	26690
8.026394	12192	26690
8.026394	12192	26690
8.026394	12192	26690
8.026394	12192	26690
7.671176	12192	26690
7.671176	12192	26690
7.671176	12192	26690
7.671176	12192	26690
7.671176	12192	26690
7.671176	12192	26690
7.671176	12192	26690
7.671176	12192	26690
7.671176	12192	26690
7.671176	12192	26690
6.875828	53	54706
6.875828	53	54706
6.875828	53	54706
6.875828	53	54706
6.875828	53	54706
6.875828	53	54706
6.875828	53	54706
6.875828	53	54706
6.875828	53	54706
6.875828	53	54706
6.875828	53	54706
6.875828	53	54706
6.875828	53	54706
6.875828	53	54706
6.875828	53	54706
6.875828	53	54706
6.875828	53	54706
6.875828	53	54706
6.875828	53	54706
6.875828	53	54706
6.875828	53	54706
6.875828	53	54706
6.875828	53	54706
6.875828	53	54706
6.875828	53	54706
6.875828	53	54706
6.875828	53	54706
6.875828	53	54706
6.875828	53	54706
6.875828	53	54706
6.875828	53	54706
6.875828	53	54706
6.875828	53	54706
7.043677	12192	26690
7.043677	12192	26690
7.043677	12192	26690
7.043677	12192	26690
8.105060	12192	26690
8.105060	12192	26690
8.105060	12192	26690
8.105060	12192	26690
8.105060	12192	26690
8.105060	12192	26690
8.105060	12192	26690
8.105060	12192	26690
8.105060	12192	26690
8.105060	12192	26690
8.105060	12192	26690
8.105060	12192	26690
8.105060	12192	26690
8.105060	12192	26690
8.105060	12192	26690
8.105060	12192	26690
8.105060	12192	26690
7.484772	12192	27042
6.719403	53	54706
6.719403	53	54706
6.482204	53	54706
5.901112	53	54706
5.596743	53	54706
5.463977	53	54706
5.342222	53	54706
5.127497	53	54706
4.945206	53	54706
4.720850	53	54706
4.269938	53	54706
4.176914	53	54706
4.131866	53	54706
4.116458	53	54706
4.115128	53	54706
4.117835	53	54706
4.150494	53	54706
4.284713	53	54706
4.373326	53	54706
4.513939	53	54706
4.848583	53	54706
5.013000	53	54706
5.277416	53	54706
5.667976	53	54706
6.048509	53	54706
7.063873	53	54706
7.314361	53	54706
7.673793	53	54706
9.045243	24805	54706
10.041353	24805	54706
10.609212	24805	54706
12.553390	24805	54706
15.342335	24805	54706
15.342335	24805	54706
15.342335	24805	54706
15.342335	24805	54706
15.392479	26767	54706
15.753335	26811	54706
15.867604	26844	54706
14.143375	24805	54706
14.143375	24805	54706
14.143375	24805	54706
14.143375	24805	54706
14.143375	24805	54706
14.143375	24805	54706
14.143375	24805	54706
14.143375	24805	54706
14.111666	24805	54706
14.111666	24805	54706
14.111666	24805	54706
14.111666	24805	54706
14.111666	24805	54706
14.111666	24805	54706
14.111666	24805	54706
14.206428	24805	54706
14.206428	24805	54706
11.502919	24805	54706
10.089947	24805	54706
10.089947	24805	54706
10.089947	24805	54706
10.099160	24805	54706
9.632780	24805	54706
9.632780	24805	54706
9.216632	24805	54706
9.216632	24805	54706
9.216632	24805	54706
9.216632	24805	54706
9.216632	24805	54706
9.216632	24805	54706
9.216632	24805	54706
9.216632	24805	54706
9.216632	24805	54706
9.216632	24805	54706
9.216632	24805	54706
9.216632	24805	54706
9.216632	24805	54706
8.616196	24805	54706
8.616196	24805	54706
8.616196	24805	54706
8.616196	24805	54706
8.094776	24805	54706
8.094776	24805	54706
8.094776	24805	54706
8.094776	24805	54706
8.094776	24805	54706
8.094776	24805	54706
8.094776	24805	54706
8.094776	24805	54706
37.278660	29043	31868
37.278660	29043	31868
7.675474	24805	54706
7.675474	24805	54706
7.675474	24805	54706
7.675474	24805	54706
9.537621	25753	33216
9.537621	25753	33216
9.537621	25753	33216
9.537621	25753	33216
7.752047	24805	54706
7.779943	24805	54706
7.779943	24805	54706
7.779943	24805	54706
7.779943	24805	54706
7.779943	24805	54706
7.779943	24805	54706
7.812522	24805	54706
8.302763	30614	54706
8.302763	30614	54706
8.302763	30614	54706
8.302763	30614	54706
8.302763	30614	54706
8.302763	30614	54706
8.302763	30614	54706
8.840574	30614	54706
8.840574	30614	54706
8.840574	30614	54706
8.840574	30614	54706
8.840574	30614	54706
8.840574	30614	54706
8.840574	30614	54706
8.840574	30614	54706
8.840574	30614	54706
8.840574	30614	54706
8.840574	30614	54706
8.840574	30614	54706
8.840574	30614	54706
8.840574	30614	54706
8.840574	30614	54706
8.840574	30614	54706
8.840574	30614	54706
8.840574	30614	54706
8.840574	30614	54706
8.840574	30614	54706
8.840574	30614	54706
8.840574	30614	54706
8.840574	30614	54706
8.840574	30614	54706
12.064033	31065	54706
12.064033	31065	54706
12.064033	31065	54706
12.064033	31065	54706
12.064033	31065	54706
12.064033	31065	54706
12.064033	31065	54706
12.064033	31065	54706
12.064033	31065	54706
12.064033	31065	54706
12.064033	31065	54706
12.064033	31065	54706
12.064033	31065	54706
12.064033	31065	54706
12.064033	31065	54706
12.064033	31065	54706
12.064033	31065	54706
12.064033	31065	54706
12.064033	31065	54706
12.064033	31065	54706
12.064033	31065	54706
7.634744	24805	54706
7.634744	24805	54706
7.634744	24805	54706
7.634744	24805	54706
7.634744	24805	54706
7.634744	24805	54706
7.634744	24805	54706
7.634744	24805	54706
7.634744	24805	54706
7.634744	24805	54706
7.634744	24805	54706
7.634744	24805	54706
7.634744	24805	54706
7.634744	24805	54706
7.634744	24805	54706
7.634744	24805	54706
7.687899	24805	54706
7.687899	24805	54706
7.687899	24805	54706
7.687899	24805	54706
7.687899	24805	54706
7.687899	24805	54706
7.687899	24805	54706
7.687899	24805	54706
7.687899	24805	54706
7.687899	24805	54706
7.687899	24805	54706
7.687899	24805	54706
7.336106	22229	54706
7.336106	22229	54706
7.336106	22229	54706
7.375653	22229	54706
7.375653	22229	54706
7.375653	22229	54706
7.419399	22229	54706
7.419399	22229	54706
7.467378	22229	54706
7.518632	22229	54706
7.518632	22229	54706
7.570669	22229	54706
7.228231	20767	54706
7.283581	18910	54706
7.283581	18910	54706
7.344676	18910	54706
7.410213	18910	54706
7.410213	18910	54706
7.410213	18910	54706
7.459728	18910	54706
7.459728	18910	54706
7.113978	18910	54706
6.819783	18910	54706
6.819783	18910	54706
6.819783	18910	54706
6.819783	18910	54706
6.819783	18910	54706
6.819783	18910	54706
6.647992	18910	54706
6.647992	18910	54706
6.394064	18910	54706
6.394064	18910	54706
6.132133	18910	54706
6.132133	18910	54706
6.132133	18910	54706
6.132133	18910	54706
6.132133	18910	54706
6.132133	18910	54706
5.903244	18910	54706
5.903244	18910	54706
5.903244	18910	54706
5.903244	18910	54706
5.903244	18910	54706
5.903244	18910	54706
5.903244	18910	54706
5.903244	18910	54706
5.903244	18910	54706
5.903244	18910	54706
5.903244	18910	54706
5.903244	18910	54706
5.903244	18910	54706
5.903244	18910	54706
5.903244	18910	54706
5.903244	18910	54706
5.903244	18910	54706
5.903244	18910	54706
5.903244	18910	54706
5.903244	18910	54706
5.903244	18910	54706
5.903244	18910	54706
5.903244	18910	54706
5.903244	18910	54706
5.903244	18910	54706
5.903244	18910	54706
5.903244	18910	54706
5.751143	18910	54706
5.751143	18910	54706
5.751143	18910	54706
5.751143	18910	54706
5.751143	18910	54706
5.751143	18910	54706
5.751143	18910	54706
5.751143	18910	54706
5.533409	18910	54706
5.533409	18910	54706
5.575079	18910	54706
5.575079	18910	54706
5.575079	18910	54706
5.575079	18910	54706
5.575079	18910	54706
5.575079	18910	54706
5.575079	18910	54706
5.575079	18910	54706
5.575079	18910	54706
5.575079	18910	54706
5.575079	18910	54706
5.575079	18910	54706
5.575079	18910	54706
5.575079	18910	54706
5.619310	18910	54706
5.619310	18910	54706
5.619310	18910	54706
5.619310	18910	54706
5.619310	18910	54706
5.619310	18910	54706
5.619310	18910	54706
5.619310	18910	54706
5.619310	18910	54706
5.619310	18910	54706
5.619310	18910	54706
5.619310	18910	54706
5.619310	18910	54706
5.619310	18910	54706
5.619310	18910	54706
5.619310	18910	54706
5.635425	18910	54706
5.635425	18910	54706
5.635425	18910	54706
5.635425	18910	54706
5.635425	18910	54706
5.635425	18910	54706
5.635425	18910	54706
5.635425	18910	54706
5.635425	18910	54706
5.635425	18910	54706
5.499416	18910	54706
5.499416	18910	54706
5.499416	18910	54706
5.535265	18910	54706
5.535265	18910	54706
5.535265	18910	54706
5.552371	18910	54706
5.552371	18910	54706
5.552371	18910	54706
5.552371	18910	54706
5.552371	18910	54706
5.552371	18910	54706
5.552371	18910	54706
5.552371	18910	54706
5.552371	18910	54706
5.552371	18910	54706
5.552371	18910	54706
5.552371	18910	54706
5.552371	18910	54706
5.552371	18910	54706
5.552371	18910	54706
5.552371	18910	54706
5.552371	18910	54706
5.250183	18910	54706
5.250183	18910	54706
5.250183	18910	54706
5.125053	18910	54706
5.125053	18910	54706
5.162838	18910	54706
5.162838	18910	54706
5.162838	18910	54706
5.162838	18910	54706
5.162838	18910	54706
5.162838	18910	54706
5.162838	18910	54706
5.162838	18910	54706
5.162838	18910	54706
5.004264	18910	54706
5.004264	18910	54706
5.004264	18910	54706
5.004264	18910	54706
5.004264	18910	54706
5.004264	18910	54706
5.004264	18910	54706
5.004264	18910	54706
5.004264	18910	54706
5.004264	18910	54706
5.004264	18910	54706
5.004264	18910	54706
5.004264	18910	54706
5.004264	18910	54706
5.004264	18910	54706
5.004264	18910	54706
5.004264	18910	54706
5.004264	18910	54706
5.004264	18910	54706
5.004264	18910	54706
5.004264	18910	54706
5.004264	18910	54706
4.855761	18910	54706
4.855761	18910	54706
4.855761	18910	54706
4.716405	18910	54706
4.716405	18910	54706
4.716405	18910	54706
4.716405	18910	54706
4.716405	18910	54706
4.716405	18910	54706
4.716405	18910	54706
4.725448	18910	54706
4.725448	18910	54706
4.725448	18910	54706
4.725448	18910	54706
4.725448	18910	54706
4.725448	18910	54706
4.725448	18910	54706
4.725448	18910	54706
4.754837	18910	54706
4.754837	18910	54706
4.754837	18910	54706
4.754837	18910	54706
4.754837	18910	54706
4.754837	18910	54706
4.754837	18910	54706
4.754837	18910	54706
4.754837	18910	54706
4.754837	18910	54706
4.786013	18910	54706
4.786013	18910	54706
4.786013	18910	54706
4.786013	18910	54706
4.786013	18910	54706
4.786013	18910	54706
4.786013	18910	54706
4.786013	18910	54706
4.702093	18910	54706
4.702093	18910	54706
4.702093	18910	54706
4.702093	18910	54706
4.737435	45821	54446
4.737435	45821	54446
4.640809	18910	54706
4.640809	18910	54706
4.640809	18910	54706
4.640809	18910	54706
4.640809	18910	54706
4.640809	18910	54706
4.559999	18910	54706
4.559999	18910	54706
4.559999	18910	54706
4.559999	18910	54706
4.559999	18910	54706
4.559999	18910	54706
4.559999	18910	54706
4.559999	18910	54706
4.559999	18910	54706
4.559999	18910	54706
4.559999	18910	54706
4.559999	18910	54706
4.559999	18910	54706
4.559999	18910	54706
4.491365	18910	54706
4.522416	18910	54706
4.522416	18910	54706
4.522416	18910	54706
4.522416	18910	54706
4.522416	18910	54706
4.555178	18910	54706
4.555178	18910	54706
4.555178	18910	54706
4.555178	18910	54706
4.555178	18910	54706
4.555178	18910	54706
4.555178	18910	54706
4.555178	18910	54706
4.555178	18910	54706
4.555178	18910	54706
4.487775	18910	54706
4.487775	18910	54706
4.487775	18910	54706
4.487775	18910	54706
4.487775	18910	54706
4.487775	18910	54706
4.487775	18910	54706
4.487775	18910	54706
4.487775	18910	54706
4.487775	18910	54706
4.487775	18910	54706
4.514895	18910	54706
4.514895	18910	54706
4.514895	18910	54706
4.449605	18910	54706
4.449605	18910	54706
4.449605	18910	54706
4.449605	18910	54706
4.449605	18910	54706
4.449605	18910	54706
4.503981	18910	54706
4.503981	18910	54706
4.503981	18910	54706
4.503981	18910	54706
4.503981	18910	54706
4.503981	18910	54706
5.280202	50154	54446
6.336813	50154	54446
4.427712	18910	54706
4.427712	18910	54706
4.365130	18910	54706
4.365130	18910	54706
4.365130	18910	54706
4.365130	18910	54706
4.365130	18910	54706
4.365130	18910	54706
4.365130	18910	54706
4.365130	18910	54706
4.365130	18910	54706
4.365130	18910	54706
4.397507	18910	54706
4.397507	18910	54706
4.397507	18910	54706
5.000148	50592	54156
5.000148	50592	54156
5.000148	50592	54156
5.039200	51061	54446
5.039200	51061	54446
5.039200	51061	54446
5.039200	51061	54446
5.039200	51061	54446
5.039200	51061	54446
4.156282	18910	54706
4.020708	18910	54706
3.608389	18910	54706
3.251568	18910	54706
2.897496	18910	54706
2.600381	18910	54706
2.447770	20767	54706
2.363551	20767	54706
2.071550	25753	54706
1.923013	25753	54706
1.869241	25753	54706
1.813989	25753	54706
1.626992	53	124157
1.536685	54	124157
1.498140	54	124157
1.459111	53	141519
1.427122	53	141519
1.409823	54	141519
1.395347	54	141519
1.385990	54	141519
1.370881	54	141519
1.363417	54	141519
1.355833	3795	141519
1.354814	3795	144845
1.356229	4491	123957
1.359269	4563	123957
1.372296	4563	123957
1.383890	7312	123957
1.433685	52347	66780
1.553975	52347	66780
1.636002	52347	66780
2.065249	52347	66780
2.486681	52442	66780
2.828936	52442	66780
2.828936	52442	66780
2.904492	52442	66780
2.985434	52469	66780
3.265445	52469	66780
3.381920	52469	66780
3.429318	52469	66780
3.997763	52469	66780
4.858225	52568	66780
7.082883	52568	59191
10.533044	52568	58991
10.533044	52568	58991
10.000344	52568	58991
9.521142	52568	58991
9.088552	52568	58991
7.264932	52347	58991
7.020234	52347	58991
6.821039	52347	58991
5.949254	52347	58991
5.773881	52347	58991
5.633958	52347	58991
5.650968	52347	58991
5.852588	52347	56800
6.152343	52347	56800
6.152343	52347	56800
9.698880	52469	57758
9.698880	52469	57758
9.698880	52469	57758
9.698880	52469	57758
9.698880	52469	57758
7.464512	52373	58991
7.464512	52373	58991
7.464512	52373	58991
7.464512	52373	58991
7.464512	52373	58991
7.464512	52373	58991
7.464512	52373	58991
6.967840	52347	58991
6.967840	52347	58991
6.967840	52347	58991
6.967840	52347	58991
6.967840	52347	58991
6.967840	52347	58991
5.476799	52347	59191
5.476799	52347	59191
5.476799	52347	59191
5.476799	52347	59191
5.476799	52347	59191
5.476799	52347	59191
3.738180	55492	66682
3.738180	55492	66682
3.738180	55492	66682
3.738180	55492	66682
3.738180	55492	66682
3.738180	55492	66682
3.738180	55492	66682
3.738180	55492	66682
3.738180	55492	66682
3.738180	55492	66682
3.738180	55492	66682
3.738180	55492	66682
3.738180	55492	66682
3.738180	55492	66682
3.738180	55492	66682
3.738180	55492	66682
3.738180	55492	66682
3.738180	55492	66682
3.749784	55747	66682
3.749784	55747	66682
3.749784	55747	66682
3.749784	55747	66682
3.749784	55747	66682
3.749784	55747	66682
3.749784	55747	66682
3.749784	55747	66682
3.749784	55747	66682
3.749784	55747	66682
3.749784	55747	66682
3.749784	55747	66682
3.749784	55747	66682
3.749784	55747	66682
3.749784	55747	66682
3.749784	55747	66682
3.749784	55747	66682
3.749784	55747	66682
3.749784	55747	66682
3.340846	52373	66780
3.340846	52373	66780
3.340846	52373	66780
3.255820	52373	66780
3.255820	52373	66780
3.255820	52373	66780
3.255820	52373	66780
3.216268	52373	66780
3.216268	52373	66780
3.216268	52373	66780
3.216268	52373	66780
3.353204	52347	66780
3.353204	52347	66780
3.353204	52347	66780
3.353204	52347	66780
3.353204	52347	66780
3.585321	52347	66780
3.585321	52347	66780
3.585321	52347	66780
3.585321	52347	66780
3.585321	52347	66780
3.518038	52347	66780
3.518038	52347	66780
3.518038	52347	66780
3.518038	52347	66780
3.518038	52347	66780
3.518038	52347	66780
3.518038	52347	66780
3.518038	52347	66780
3.518038	52347	66780
3.518038	52347	66780
3.518038	52347	66780
3.518038	52347	66780
3.518038	52347	66780
3.518038	52347	66780
3.518038	52347	66780
3.518038	52347	66780
3.518038	52347	66780
3.454073	52347	66780
3.669394	52347	66780
3.606816	52347	66780
3.606816	52347	66780
4.464275	52347	66426
4.464275	52347	66426
4.464275	52347	66426
4.464275	52347	66426
4.464275	52347	66426
4.464275	52347	66426
4.464275	52347	66426
4.464275	52347	66426
4.464275	52347	66426
4.464275	52347	66426
4.464275	52347	66426
4.464275	52347	66426
4.464275	52347	66426
4.464275	52347	66426
4.464275	52347	66426
4.464275	52347	66426
4.464275	52347	66426
4.194903	52347	66426
4.194903	52347	66426
3.864819	52347	66426
3.864819	52347	66426
3.864819	52347	66426
3.864819	52347	66426
3.864819	52347	66426
3.864819	52347	66426
3.864819	52347	66426
3.864819	52347	66426
3.864819	52347	66426
3.864819	52347	66426
3.864819	52347	66426
3.864819	52347	66426
3.864819	52347	66426
3.864819	52347	66426
3.864819	52347	66426
3.864819	52347	66426
3.864819	52347	66426
3.864819	52347	66426
3.841503	52347	66426
3.841503	52347	66426
3.841503	52347	66426
3.841503	52347	66426
3.841503	52347	66426
3.841503	52347	66426
3.841503	52347	66426
3.841503	52347	66426
3.841503	52347	66426
3.841503	52347	66426
3.841503	52347	66426
3.841503	52347	66426
3.841503	52347	66426
3.841503	52347	66426
3.841503	52347	66426
3.841503	52347	66426
3.841503	52347	66426
3.841503	52347	66426
4.865734	52347	66426
4.865734	52347	66426
4.865734	52347	66426
4.865734	52347	66426
4.865734	52347	66426
4.865734	52347	66426
4.865734	52347	66426
4.865734	52347	66426
4.865734	52347	66426
4.865734	52347	66426
4.865734	52347	66426
4.865734	52347	66426
4.865734	52347	66426
4.865734	52347	66426
5.602350	52347	66426
6.282606	52347	66426
6.282606	52347	66426
6.282606	52347	66426
6.282606	52347	66426
5.317027	52347	66426
5.317027	52347	66426
5.317027	52347	66426
5.317027	52347	66426
5.317027	52347	66426
5.317027	52347	66426
5.317027	52347	66426
5.317027	52347	66426
4.061728	52347	66533
3.676085	52347	66619
3.602022	52347	66780
3.602022	52347	66780
3.602022	52347	66780
3.602022	52347	66780
3.602022	52347	66780
3.490479	52347	66780
2.142273	52347	118584
2.142273	52347	118584
2.142273	52347	118584
2.135891	52347	118584
2.135891	52347	118584
2.129908	52347	118584
2.129908	52347	118584
2.129908	52347	118584
2.118913	52347	118584
2.118913	52347	118584
2.094238	52347	118584
2.075680	52347	118584
2.268618	64815	69276
2.624293	64815	69276
2.624293	64815	69276
2.945578	64815	69276
2.945578	64815	69276
2.945578	64815	69276
2.278440	52347	118584
2.456703	52347	118584
2.451556	52347	118584
2.449718	52347	118584
3.243470	54780	68157
3.243470	54780	68157
3.116483	54780	69276
3.116483	54780	69276
3.116483	54780	69276
2.526561	52347	118584
2.526561	52347	118584
2.526561	52347	118584
2.526561	52347	118584
2.517208	52347	118584
2.517208	52347	118584
2.555803	52347	118584
2.555803	52347	118584
2.555803	52347	118584
2.555803	52347	118584
2.555803	52347	118584
2.555803	52347	118584
2.555803	52347	118584
2.600729	52347	118584
2.600729	52347	118584
2.600729	52347	118584
2.600729	52347	118584
2.600729	52347	118584
2.600729	52347	118584
2.600729	52347	118584
2.600729	52347	118584
2.600729	52347	118584
2.600729	52347	118584
2.600729	52347	118584
2.600729	52347	118584
2.600729	52347	118584
2.600729	52347	118584
2.600729	52347	118584
2.600729	52347	118584
2.600729	52347	118584
2.600729	52347	118584
2.600729	52347	118584
2.600729	52347	118584
2.600729	52347	118584
2.645063	52347	118584
2.643675	52347	118584
2.643675	52347	118584
2.643675	52347	118584
2.643675	52347	118584
2.643675	52347	118584
2.643675	52347	118584
2.643675	52347	118584
2.692366	52347	118584
3.158062	52469	71076
3.158062	52469	71076
3.158062	52469	71076
3.158062	52469	71076
3.158062	52469	71076
3.158062	52469	71076
2.773134	52469	71076
2.753824	52469	71218
2.753824	52469	71218
2.753824	52469	71218
2.753824	52469	71218
2.753824	52469	71218
2.753824	52469	71218
2.753824	52469	71218
2.736853	52347	118584
2.736853	52347	118584
2.736853	52347	118584
2.736853	52347	118584
2.736853	52347	118584
2.736853	52347	118584
2.736405	52347	118584
2.736405	52347	118584
2.736405	52347	118584
2.773932	52347	118584
2.749277	52347	118584
2.749277	52347	118584
2.749277	52347	118584
2.749027	52347	118584
2.749027	52347	118584
2.749027	52347	118584
2.749027	52347	118584
2.749027	52347	118584
2.789156	52347	118584
2.781852	52347	118832
2.784171	52347	118584
2.782484	52347	118832
2.782484	52347	118832
2.782484	52347	118832
2.782484	52347	118832
2.782484	52347	118832
2.817064	52347	118832
2.820290	52347	118832
2.810631	52347	118832
2.810631	52347	118832
2.814339	52347	118832
2.814339	52347	118832
3.810026	71218	73037
2.916296	52347	118832
2.916296	52347	118832
2.916296	52347	118832
2.916296	52347	118832
2.916296	52347	118832
2.916296	52347	118832
2.961897	52347	78462
2.961897	52347	78462
2.961897	52347	78462
2.961897	52347	78462
2.961897	52347	78462
2.961897	52347	78462
2.961897	52347	78462
2.949545	52347	118832
2.949545	52347	118832
2.949545	52347	118832
2.949545	52347	118832
2.949545	52347	118832
2.949545	52347	118832
2.949545	52347	118832
2.949545	52347	118832
2.949545	52347	118832
2.949545	52347	118832
2.949545	52347	118832
2.949545	52347	118832
2.949545	52347	118832
2.949545	52347	118832
2.949545	52347	118832
2.949545	52347	118832
2.949545	52347	118832
2.949545	52347	118832
2.949545	52347	118832
2.949545	52347	118832
2.949545	52347	118832
2.949545	52347	118832
2.949545	52347	118832
2.949545	52347	118832
2.949545	52347	118832
2.949545	52347	118832
2.949545	52347	118832
2.949545	52347	118832
2.949545	52347	118832
2.949545	52347	118832
2.949545	52347	118832
2.949545	52347	118832
2.949545	52347	118832
2.949545	52347	118832
2.949545	52347	118832
2.949545	52347	118832
2.949545	52347	118832
2.949545	52347	118832
2.949545	52347	118832
2.949545	52347	118832
2.949545	52347	118832
2.949545	52347	118832
2.949545	52347	118832
2.949545	52347	118832
2.949545	52347	118832
2.949545	52347	118832
2.949545	52347	118832
2.949545	52347	118832
2.949545	52347	118832
2.949545	52347	118832
9.006289	72327	78467
9.006289	72327	78467
9.006289	72327	78467
4.376830	52347	78467
4.376830	52347	78467
4.376830	52347	78467
4.376830	52347	78467
4.376830	52347	78467
4.376830	52347	78467
4.376830	52347	78467
4.376830	52347	78467
4.376830	52347	78467
4.376830	52347	78467
4.376830	52347	78467
4.376830	52347	78467
4.376830	52347	78467
4.376830	52347	78467
4.376830	52347	78467
4.376830	52347	78467
4.376830	52347	78467
4.376830	52347	78467
4.376830	52347	78467
4.376830	52347	78467
4.376830	52347	78467
4.376830	52347	78467
3.007799	52347	118832
3.007799	52347	118832
3.013923	52347	118832
3.013923	52347	118832
3.013923	52347	118832
3.013923	52347	118832
3.013923	52347	118832
2.997619	52347	118832
2.997619	52347	118832
2.997619	52347	118832
2.997619	52347	118832
2.997619	52347	118832
2.997619	52347	118832
2.997619	52347	118832
2.997619	52347	118832
2.997619	52347	118832
2.997619	52347	118832
2.997619	52347	118832
2.997619	52347	118832
2.997619	52347	118832
2.997619	52347	118832
2.997619	52347	118832
2.997619	52347	118832
2.997619	52347	118832
2.997619	52347	118832
2.988324	52347	118832
2.988324	52347	118832
2.988324	52347	118832
2.988324	52347	118832
2.988324	52347	118832
2.988324	52347	118832
2.988324	52347	118832
2.988324	52347	118832
2.988324	52347	118832
2.988324	52347	118832
2.988324	52347	118832
3.054231	52347	118832
3.054231	52347	118832
3.117715	52347	118832
3.117715	52347	118832
3.117715	52347	118832
3.117715	52347	118832
3.117715	52347	118832
3.117715	52347	118832
3.117715	52347	118832
3.125846	52347	118832
3.125846	52347	118832
3.125846	52347	118832
3.125846	52347	118832
3.125846	52347	118832
3.125846	52347	118832
3.125846	52347	118832
3.125846	52347	118832
3.125846	52347	118832
3.125846	52347	118832
3.125846	52347	118832
3.125846	52347	118832
3.125846	52347	118832
3.125846	52347	118832
3.125846	52347	118832
3.142798	52347	118832
3.142798	52347	118832
3.142798	52347	118832
3.194144	52347	118584
3.194144	52347	118584
3.194144	52347	118584
3.194144	52347	118584
3.194144	52347	118584
3.194144	52347	118584
3.194144	52347	118584
3.194144	52347	118584
3.194144	52347	118584
3.194144	52347	118584
3.176155	52347	118832
3.176155	52347	118832
3.176155	52347	118832
3.176155	52347	118832
3.176155	52347	118832
3.176155	52347	118832
3.176155	52347	118832
3.176155	52347	118832
3.176155	52347	118832
3.176155	52347	118832
3.176155	52347	118832
3.176155	52347	118832
3.176155	52347	118832
3.246346	79048	84636
3.246346	79048	84636
3.246346	79048	84636
3.168741	52347	118832
3.168741	52347	118832
3.168741	52347	118832
3.168741	52347	118832
3.168741	52347	118832
3.168741	52347	118832
3.168741	52347	118832
3.168741	52347	118832
3.168741	52347	118832
3.168741	52347	118832
3.168741	52347	118832
3.168741	52347	118832
3.168741	52347	118832
3.168741	52347	118832
3.168741	52347	118832
3.168741	52347	118832
3.168741	52347	118832
3.178648	52347	118832
3.178648	52347	118832
3.178648	52347	118832
3.178648	52347	118832
3.178648	52347	118832
3.189572	52347	118832
3.189572	52347	118832
3.189572	52347	118832
3.201548	52347	118832
3.201548	52347	118832
3.201548	52347	118832
3.230541	52347	118584
3.298160	52347	118584
3.298160	52347	118584
3.298160	52347	118584
3.315800	52347	118584
3.315800	52347	118584
3.315800	52347	118584
3.315800	52347	118584
3.315800	52347	118584
3.315800	52347	118584
3.315800	52347	118584
3.293078	52347	118584
3.311753	52347	118584
3.331873	52347	118584
3.331873	52347	118584
3.331873	52347	118584
3.331873	52347	118584
3.331873	52347	118584
3.331873	52347	118584
3.331873	52347	118584
3.331873	52347	118584
3.331873	52347	118584
3.353498	52347	118584
3.353498	52347	118584
3.353498	52347	118584
3.353498	52347	118584
3.353498	52347	118584
3.353498	52347	118584
3.353498	52347	118584
3.353498	52347	118584
3.353498	52347	118584
3.353498	52347	118584
3.353498	52347	118584
3.353498	52347	118584
3.353498	52347	118584
3.353498	52347	118584
3.353498	52347	118584
3.353498	52347	118584
3.353498	52347	118584
3.353498	52347	118584
3.353498	52347	118584
3.353498	52347	118584
3.353498	52347	118584
3.353498	52347	118584
3.353498	52347	118584
3.406087	52347	118584
3.406087	52347	118584
3.406087	52347	118584
3.406087	52347	118584
3.406087	52347	118584
3.406087	52347	118584
3.406087	52347	118584
3.406087	52347	118584
3.406087	52347	118584
3.406087	52347	118584
3.406087	52347	118584
3.406087	52347	118584
3.406087	52347	118584
3.406087	52347	118584
3.406087	52347	118584
3.406087	52347	118584
3.406087	52347	118584
3.406087	52347	118584
3.406087	52347	118584
3.406087	52347	118584
3.406087	52347	118584
3.406087	52347	118584
3.406087	52347	118584
3.406087	52347	118584
3.406087	52347	118584
3.406087	52347	118584
3.430224	52347	118584
3.430224	52347	118584
3.430224	52347	118584
3.430224	52347	118584
3.430224	52347	118584
3.430224	52347	118584
3.430224	52347	118584
3.430224	52347	118584
3.430224	52347	118584
3.430224	52347	118584
3.399989	52347	118584
3.399989	52347	118584
3.399989	52347	118584
3.399989	52347	118584
3.399989	52347	118584
3.399989	52347	118584
3.399989	52347	118584
3.491299	52347	118584
3.491299	52347	118584
3.491299	52347	118584
3.491299	52347	118584
3.491299	52347	118584
3.491299	52347	118584
3.491299	52347	118584
3.491299	52347	118584
3.491299	52347	118584
3.461289	52347	118584
3.461289	52347	118584
3.461289	52347	118584
3.461289	52347	118584
3.487823	52347	118584
3.487823	52347	118584
3.487823	52347	118584
3.487823	52347	118584
3.487823	52347	118584
3.487823	52347	118584
3.487823	52347	118584
3.487823	52347	118584
3.580999	52347	118584
3.580999	52347	118584
3.580999	52347	118584
3.580999	52347	118584
3.580999	52347	118584
3.580999	52347	118584
3.580999	52347	118584
3.580999	52347	118584
3.580999	52347	118584
3.580999	52347	118584
3.611403	52347	118584
3.597524	52347	118584
3.597524	52347	118584
3.597524	52347	118584
3.597524	52347	118584
3.597524	52347	118584
3.597524	52347	118584
3.570193	52347	118584
3.630120	52347	118584
3.630120	52347	118584
3.630120	52347	118584
3.630120	52347	118584
3.630120	52347	118584
3.630120	52347	118584
3.630120	52347	118584
3.630120	52347	118584
3.630120	52347	118584
3.630120	52347	118584
3.630120	52347	118584
3.630120	52347	118584
3.630120	52347	118584
3.630120	52347	118584
3.630120	52347	118584
3.630120	52347	118584
3.630120	52347	118584
3.630120	52347	118584
3.630120	52347	118584
3.630120	52347	118584
3.630120	52347	118584
3.630120	52347	118584
3.630120	52347	118584
3.630120	52347	118584
3.663449	52347	118584
3.663449	52347	118584
3.663449	52347	118584
3.663449	52347	118584
3.663449	52347	118584
3.663449	52347	118584
3.663449	52347	118584
3.663449	52347	118584
3.663449	52347	118584
3.663449	52347	118584
3.663449	52347	118584
3.699183	52347	118584
3.667113	52347	118584
3.667113	52347	118584
3.704728	52347	118584
3.704728	52347	118584
3.704728	52347	118584
3.704728	52347	118584
3.704728	52347	118584
3.704728	52347	118584
3.704728	52347	118584
3.735197	52347	118584
3.735197	52347	118584
3.735197	52347	118584
3.735197	52347	118584
3.735197	52347	118584
3.735197	52347	118584
3.735197	52347	118584
3.735197	52347	118584
3.735197	52347	118584
3.735197	52347	118584
3.735197	52347	118584
3.735197	52347	118584
3.735197	52347	118584
3.735197	52347	118584
3.735197	52347	118584
3.735197	52347	118584
3.776467	52347	118584
3.823431	52347	118563
3.823431	52347	118563
3.823431	52347	118563
3.823431	52347	118563
3.823431	52347	118563
3.823431	52347	118563
3.823431	52347	118563
3.823431	52347	118563
3.874311	52347	118563
3.874311	52347	118563
3.874311	52347	118563
3.874311	52347	118563
3.874311	52347	118563
3.874311	52347	118563
3.874311	52347	118563
3.874311	52347	118563
3.874311	52347	118563
3.874311	52347	118563
3.874311	52347	118563
3.874311	52347	118563
3.874311	52347	118563
3.874311	52347	118563
3.874311	52347	118563
3.874311	52347	118563
3.874311	52347	118563
3.874311	52347	118563
3.874311	52347	118563
3.874311	52347	118563
3.874311	52347	118563
4.006391	52347	118563
4.006391	52347	118563
4.006391	52347	118563
4.006391	52347	118563
4.006391	52347	118563
4.006391	52347	118563
4.065863	52347	118563
4.065863	52347	118563
4.065863	52347	118563
4.065863	52347	118563
6.662290	52347	97427
6.662290	52347	97427
6.662290	52347	97427
6.662290	52347	97427
6.662290	52347	97427
6.662290	52347	97427
6.662290	52347	97427
6.662290	52347	97427
4.952514	52347	98106
4.952514	52347	98106
4.952514	52347	98106
4.952514	52347	98106
4.952514	52347	98106
4.952514	52347	98106
4.952514	52347	98106
4.952514	52347	98106
4.263978	52347	98106
4.263978	52347	98106
4.263978	52347	98106
4.263978	52347	98106
7.797968	54780	98106
7.797968	54780	98106
7.797968	54780	98106
5.925353	54780	100163
5.925353	54780	100163
5.925353	54780	100163
5.925353	54780	100163
5.925353	54780	100163
5.925353	54780	100163
5.554832	54780	100163
4.365084	52347	101093
4.104640	52347	118563
4.104640	52347	118563
4.104640	52347	118563
4.104640	52347	118563
4.104640	52347	118563
4.104640	52347	118563
4.104640	52347	118563
4.104640	52347	118563
4.104640	52347	118563
4.104640	52347	118563
4.104640	52347	118563
4.069577	52347	118563
4.069577	52347	118563
4.069577	52347	118563
4.130425	52347	118563
4.130425	52347	118563
4.130425	52347	118563
4.130425	52347	118563
4.130425	52347	118563
4.130425	52347	118563
4.130425	52347	118563
4.130425	52347	118563
4.130425	52347	118563
4.130425	52347	118563
4.130425	52347	118563
4.130425	52347	118563
4.130425	52347	118563
4.130425	52347	118563
4.130425	52347	118563
4.130425	52347	118563
4.130425	52347	118563
4.130425	52347	118563
4.130425	52347	118563
4.130425	52347	118563
4.130425	52347	118563
4.130425	52347	118563
4.130425	52347	118563
4.130425	52347	118563
4.130425	52347	118563
4.130425	52347	118563
4.130425	52347	118563
4.130425	52347	118563
4.130425	52347	118563
4.130425	52347	118563
4.130425	52347	118563
4.130425	52347	118563
4.130425	52347	118563
4.130425	52347	118563
4.130425	52347	118563
4.088573	52347	118563
4.088573	52347	118563
4.088573	52347	118563
4.088573	52347	118563
4.088573	52347	118563
4.088573	52347	118563
4.088573	52347	118563
4.088573	52347	118563
4.088573	52347	118563
4.088573	52347	118563
4.088573	52347	118563
4.088573	52347	118563
4.088573	52347	118563
4.088573	52347	118563
4.088573	52347	118563
4.088573	52347	118563
4.088573	52347	118563
4.115202	52347	118563
4.115202	52347	118563
4.115202	52347	118563
4.115202	52347	118563
4.115202	52347	118563
4.115202	52347	118563
4.115202	52347	118563
4.115202	52347	118563
4.219528	52469	106045
4.219528	52469	106045
4.219528	52469	106045
4.219528	52469	106045
4.219528	52469	106045
4.147445	52347	118562
4.147445	52347	118562
4.340538	52347	106045
4.340538	52347	106045
4.340538	52347	106045
4.340538	52347	106045
4.340538	52347	106045
4.340538	52347	106045
4.340538	52347	106045
4.340538	52347	106045
4.340538	52347	106045
6.466606	54780	104660
6.466606	54780	104660
8.001595	54780	104660
8.001595	54780	104660
8.001595	54780	104660
8.001595	54780	104660
8.146566	54780	104660
8.146566	54780	104660
5.971152	52469	105394
5.971152	52469	105394
5.971152	52469	105394
5.971152	52469	105394
5.971152	52469	105394
5.971152	52469	105394
5.971152	52469	105394
5.971152	52469	105394
5.971152	52469	105394
5.971152	52469	105394
5.204724	52469	106045
5.204724	52469	106045
5.204724	52469	106045
5.204724	52469	106045
9.406210	52347	106045
4.260867	52347	118532
4.260867	52347	118532
4.260867	52347	118532
4.260867	52347	118532
4.260867	52347	118532
4.260867	52347	118532
4.260867	52347	118532
4.260867	52347	118532
4.260867	52347	118532
4.260867	52347	118532
4.260867	52347	118532
4.260867	52347	118532
4.260867	52347	118532
4.260867	52347	118532
4.260867	52347	118532
4.260867	52347	118532
4.260867	52347	118532
4.260867	52347	118532
4.260867	52347	118532
5.871627	102835	106368
5.871627	102835	106368
5.871627	102835	106368
5.871627	102835	106368
4.183154	52347	118532
4.183154	52347	118532
4.183154	52347	118532
4.183154	52347	118532
4.183154	52347	118532
4.183154	52347	118532
4.183154	52347	118532
4.183154	52347	118532
4.183154	52347	118532
4.159489	52347	118562
4.159489	52347	118562
4.159489	52347	118562
4.159489	52347	118562
4.159489	52347	118562
4.159489	52347	118562
4.159489	52347	118562
4.159489	52347	118562
4.159489	52347	118562
4.159489	52347	118562
4.159489	52347	118562
4.159489	52347	118562
4.137884	52347	118563
4.137884	52347	118563
4.137884	52347	118563
4.137884	52347	118563
4.137884	52347	118563
4.137884	52347	118563
4.283714	52347	118532
4.233873	52347	118532
4.233873	52347	118532
4.233873	52347	118532
4.459294	52347	118532
4.459294	52347	118532
5.030652	52347	110531
5.030652	52347	110531
5.548285	52347	110531
5.548285	52347	110531
5.070185	52347	110531
5.942492	52469	110531
5.942492	52469	110531
5.942492	52469	110531
5.972712	52442	110531
5.972712	52442	110531
5.972712	52442	110531
5.578455	52442	110531
5.578455	52442	110531
5.578455	52442	110531
5.578455	52442	110531
5.578455	52442	110531
5.177165	52442	110531
4.535086	52347	110531
7.169984	52347	110531
7.169984	52347	110531
9.608871	51676	110531
9.608871	51676	110531
9.608871	51676	110531
9.608871	51676	110531
9.608871	51676	110531
4.542556	52347	118532
4.542556	52347	118532
4.542556	52347	118532
4.542556	52347	118532
4.542556	52347	118532
4.542556	52347	118532
4.542556	52347	118532
4.542556	52347	118532
4.542556	52347	118532
4.542556	52347	118532
4.542556	52347	118532
4.542556	52347	118532
4.542556	52347	118532
4.542556	52347	118532
4.542556	52347	118532
4.542556	52347	118532
4.542556	52347	118532
4.542556	52347	118532
4.435146	52347	118532
4.435146	52347	118532
4.435146	52347	118532
4.435146	52347	118532
4.435146	52347	118532
4.435146	52347	118532
4.435146	52347	118532
4.435146	52347	118532
4.435146	52347	118532
4.435146	52347	118532
4.435146	52347	118532
4.435146	52347	118532
4.435146	52347	118532
4.435146	52347	118532
4.435146	52347	118532
4.422656	52347	118532
4.422656	52347	118532
4.422656	52347	118532
4.422656	52347	118532
4.422656	52347	118532
4.422656	52347	118532
4.422656	52347	118532
4.422656	52347	118532
4.422656	52347	118532
4.422656	52347	118532
4.422656	52347	118532
4.422656	52347	118532
4.422656	52347	118532
4.933372	108023	111771
4.933372	108023	111771
4.933372	108023	111771
4.933372	108023	111771
4.702930	52347	118532
4.702930	52347	118532
4.825695	52347	118532
4.825695	52347	118532
4.825695	52347	118532
4.825695	52347	118532
4.825695	52347	118532
4.825695	52347	118532
4.825695	52347	118532
4.825695	52347	118532
4.825695	52347	118532
4.825695	52347	118532
4.825695	52347	118532
5.034409	52373	118532
5.034409	52373	118532
5.034409	52373	118532
5.478866	54780	118366
5.598094	54780	118366
5.598094	54780	118366
6.408424	54780	118366
14.315551	52347	115747
14.315551	52347	115747
11.170031	54780	115780
11.170031	54780	115780
11.170031	54780	115780
11.170031	54780	115780
11.170031	54780	115780
11.170031	54780	115780
11.170031	54780	115780
11.170031	54780	115780
11.170031	54780	115780
11.170031	54780	115780
11.170031	54780	115780
11.170031	54780	115780
11.170031	54780	115780
14.578476	111771	115759
14.578476	111771	115759
18.718855	111774	115759
18.718855	111774	115759
18.718855	111774	115759
18.718855	111774	115759
18.718855	111774	115759
18.718855	111774	115759
18.718855	111774	115759
18.718855	111774	115759
18.718855	111774	115759
18.718855	111774	115759
18.718855	111774	115759
18.718855	111774	115759
18.718855	111774	115759
18.718855	111774	115759
18.718855	111774	115759
18.718855	111774	115759
18.718855	111774	115759
18.718855	111774	115759
18.718855	111774	115759
18.718855	111774	115759
18.718855	111774	115759
18.718855	111774	115759
18.718855	111774	115759
18.718855	111774	115759
18.718855	111774	115759
18.718855	111774	115759
18.718855	111774	115759
18.718855	111774	115759
18.718855	111774	115759
18.718855	111774	115759
18.718855	111774	115759
18.718855	111774	115759
18.718855	111774	115759
18.718855	111774	115759
18.718855	111774	115759
18.718855	111774	115759
18.718855	111774	115759
13.298314	111774	115870
13.298314	111774	115870
10.845088	111774	115897
9.195638	111774	115951
8.232605	111774	115993
8.232605	111774	115993
8.232605	111774	115993
8.232605	111774	115993
8.232605	111774	115993
8.232605	111774	115993
8.232605	111774	115993
8.232605	111774	115993
8.232605	111774	115993
8.232605	111774	115993
8.232605	111774	115993
8.232605	111774	115993
8.232605	111774	115993
9.290751	111774	115993
5.807312	111949	205858
5.561035	52347	118532
6.365645	51676	118366
16.194471	51170	118366
5.831618	52347	118532
5.831618	52347	118532
5.831618	52347	118532
5.831618	52347	118532
5.831618	52347	118532
5.831618	52347	118532
5.831618	52347	118532
5.831618	52347	118532
5.831618	52347	118532
5.831618	52347	118532
5.831618	52347	118532
5.831618	52347	118532
5.831618	52347	118532
5.831618	52347	118532
6.148619	115743	118432
6.847855	115797	118432
7.446260	115869	118432
8.324923	115879	118432
8.324923	115879	118432
8.324923	115879	118432
8.324923	115879	118432
8.324923	115879	118432
8.324923	115879	118432
8.324923	115879	118432
8.324923	115879	118432
8.324923	115879	118432
8.324923	115879	118432
7.332111	115941	205221
7.332111	115941	205221
7.332111	115941	205221
7.332111	115941	205221
7.332111	115941	205221
7.332111	115941	205221
7.332111	115941	205221
7.332111	115941	205221
7.332111	115941	205221
7.332111	115941	205221
7.332111	115941	205221
7.332111	115941	205221
7.332111	115941	205221
7.332111	115941	205221
7.332111	115941	205221
7.332111	115941	205221
7.332111	115941	205221
10.479945	115942	205221
4.710528	115942	205221
4.763098	115942	205221
5.570692	115942	203467
5.127039	115942	205221
5.204782	115942	203467
5.410556	115942	203467
5.377524	115942	203467
5.377524	115942	203467
5.496416	115942	203467
5.496416	115942	203467
5.496416	115942	203467
5.496416	115942	203467
5.496416	115942	203467
5.496416	115942	203467
5.496416	115942	203467
5.496416	115942	203467
5.496416	115942	203467
5.496416	115942	203467
5.496416	115942	203467
5.697018	118475	203467
5.697018	118475	203467
5.697018	118475	203467
5.697018	118475	203467
10.413599	118734	123992
10.413599	118734	123992
10.413599	118734	123992
10.413599	118734	123992
10.413599	118734	123992
10.413599	118734	123992
10.413599	118734	123992
10.413599	118734	123992
10.413599	118734	123992
10.413599	118734	123992
10.413599	118734	123992
10.413599	118734	123992
10.413599	118734	123992
10.413599	118734	123992
10.413599	118734	123992
10.413599	118734	123992
10.413599	118734	123992
10.413599	118734	123992
10.413599	118734	123992
10.413599	118734	123992
10.413599	118734	123992
10.413599	118734	123992
10.413599	118734	123992
10.413599	118734	123992
10.413599	118734	123992
10.413599	118734	123992
10.413599	118734	123992
10.413599	118734	123992
10.413599	118734	123992
10.413599	118734	123992
10.413599	118734	123992
10.413599	118734	123992
10.413599	118734	123992
10.413599	118734	123992
10.413599	118734	123992
10.413599	118734	123992
10.413599	118734	123992
10.413599	118734	123992
10.413599	118734	123992
10.413599	118734	123992
10.413599	118734	123992
10.413599	118734	123992
10.413599	118734	123992
10.413599	118734	123992
10.413599	118734	123992
10.413599	118734	123992
10.413599	118734	123992
10.413599	118734	123992
10.413599	118734	123992
10.413599	118734	123992
10.413599	118734	123992
10.413599	118734	123992
10.413599	118734	123992
10.413599	118734	123992
10.413599	118734	123992
10.413599	118734	123992
10.413599	118734	123992
10.413599	118734	123992
10.413599	118734	123992
10.413599	118734	123992
10.413599	118734	123992
10.413599	118734	123992
6.479886	118734	124051
6.198375	118475	223108
6.228477	118475	223161
6.297894	118475	223198
6.301691	118475	223270
6.303532	118475	223279
6.362902	118475	223374
6.422932	118475	223422
6.484948	118475	223481
6.522407	118475	223530
6.584291	118475	223591
6.584291	118475	223591
6.624242	118475	223694
6.671231	118475	223747
6.697068	118475	223799
6.745464	118475	223868
6.805079	118475	223922
6.702137	118475	223975
5.071834	115942	224008
4.600211	115942	224079
4.573418	115942	224079
4.653068	115942	224188
4.686733	115942	224240
5.712663	51676	126452
11.354315	51170	126452
11.354315	51170	126452
11.354315	51170	126452
11.354315	51170	126452
11.354315	51170	126452
11.354315	51170	126452
11.354315	51170	126452
11.462241	51170	126452
11.462241	51170	126452
11.462241	51170	126452
11.462241	51170	126452
11.462241	51170	126452
11.462241	51170	126452
11.462241	51170	126452
11.462241	51170	126452
6.485218	52347	126731
6.485218	52347	126731
6.485218	52347	126731
6.485218	52347	126731
6.485218	52347	126731
6.485218	52347	126731
6.485218	52347	126731
6.485218	52347	126731
6.485218	52347	126731
6.485218	52347	126731
6.485218	52347	126731
5.809855	51170	126752
5.809855	51170	126752
5.809855	51170	126752
5.809855	51170	126752
5.809855	51170	126752
7.681287	123991	126752
7.681287	123991	126752
7.681287	123991	126752
8.889994	124684	128345
8.889994	124684	128345
8.889994	124684	128345
8.889994	124684	128345
8.889994	124684	128345
8.842629	125128	128723
8.842629	125128	128723
8.842629	125128	128723
8.842629	125128	128723
8.842629	125128	128723
4.697857	115942	226374
4.505704	115942	226374
4.505704	115942	226374
4.505704	115942	226374
4.505704	115942	226374
4.505704	115942	226374
4.505704	115942	226374
4.510742	115942	227093
4.510742	115942	227093
4.517786	115942	227219
4.529601	115942	227270
4.529601	115942	227270
4.529601	115942	227270
4.529601	115942	227270
4.529601	115942	227270
4.529601	115942	227270
4.529601	115942	227270
4.529601	115942	227270
4.529601	115942	227270
4.533037	115942	227769
4.533037	115942	227769
4.533037	115942	227769
4.533037	115942	227769
4.533037	115942	227769
4.533037	115942	227769
4.533037	115942	227769
4.533037	115942	227769
4.533037	115942	227769
4.533037	115942	227769
4.533037	115942	227769
4.549167	115942	227769
4.549167	115942	227769
4.549167	115942	227769
4.549167	115942	227769
4.549167	115942	227769
4.395319	111949	227769
4.400807	111949	228689
4.324345	111949	228689
4.324345	111949	228689
4.324345	111949	228689
4.324345	111949	228689
4.324345	111949	228689
4.324345	111949	228689
4.324345	111949	228689
4.324345	111949	228689
4.312883	111949	228689
4.312883	111949	228689
4.312883	111949	228689
4.312883	111949	228689
4.312883	111949	228689
4.312883	111949	228689
4.312883	111949	228689
4.312883	111949	228689
4.312883	111949	228689
4.312883	111949	228689
4.255127	111949	228689
4.255127	111949	228689
4.255127	111949	228689
4.255127	111949	228689
4.255127	111949	228689
4.255127	111949	228689
4.255127	111949	228689
4.255127	111949	228689
4.255127	111949	228689
4.255127	111949	228689
4.255127	111949	228689
4.255127	111949	228689
4.255127	111949	228689
4.255127	111949	228689
4.255127	111949	228689
4.255127	111949	228689
4.255127	111949	228689
4.270607	111949	228689
4.270607	111949	228689
4.270607	111949	228689
4.270607	111949	228689
4.270607	111949	228689
4.204255	111949	228689
4.204255	111949	228689
4.204255	111949	228689
4.204255	111949	228689
4.196048	111949	228689
4.196048	111949	228689
4.196048	111949	228689
4.196048	111949	228689
4.085100	111949	228689
4.085100	111949	228689
4.085100	111949	228689
4.085100	111949	228689
4.085100	111949	228689
4.085100	111949	228689
4.085100	111949	228689
4.085100	111949	228689
4.085100	111949	228689
4.108528	111949	228689
4.108528	111949	228689
4.108528	111949	228689
4.108528	111949	228689
4.057693	111949	228689
4.057693	111949	228689
4.057693	111949	228689
4.057693	111949	228689
4.057693	111949	228689
4.057693	111949	228689
4.057693	111949	228689
4.057693	111949	228689
4.049579	111949	228689
4.049579	111949	228689
4.049579	111949	228689
4.049579	111949	228689
4.049579	111949	228689
4.049579	111949	228689
4.049579	111949	228689
4.049579	111949	228689
4.049579	111949	228689
4.049579	111949	228689
4.049579	111949	228689
4.049579	111949	228689
4.049579	111949	228689
4.049579	111949	228689
3.955360	111949	228689
3.861115	111949	228689
3.861115	111949	228689
3.861115	111949	228689
3.861115	111949	228689
3.861115	111949	228689
3.861115	111949	228689
3.861115	111949	228689
3.861115	111949	228689
3.861115	111949	228689
3.861115	111949	228689
3.861115	111949	228689
3.820427	111949	228689
3.820427	111949	228689
3.820427	111949	228689
3.820427	111949	228689
3.820427	111949	228689
3.820427	111949	228689
3.820427	111949	228689
3.820427	111949	228689
3.820427	111949	228689
3.820427	111949	228689
3.820427	111949	228689
3.820427	111949	228689
3.820427	111949	228689
3.726320	111949	228689
3.726320	111949	228689
3.726320	111949	228689
3.726320	111949	228689
3.726320	111949	228689
3.726320	111949	228689
3.726320	111949	228689
3.726320	111949	228689
3.726320	111949	228689
3.726320	111949	228689
3.726320	111949	228689
3.726320	111949	228689
3.726320	111949	228689
3.726320	111949	228689
3.726320	111949	228689
3.741985	111949	228689
3.741985	111949	228689
3.741985	111949	228689
3.770768	111949	228689
3.770768	111949	228689
3.787112	111949	228689
3.787112	111949	228689
3.787112	111949	228689
3.787112	111949	228689
3.787112	111949	228689
3.787112	111949	228689
3.658267	111949	228689
3.658267	111949	228689
3.658267	111949	228689
3.658267	111949	228689
3.589735	111949	228689
3.589735	111949	228689
3.575886	111949	228689
3.575886	111949	228689
3.575886	111949	228689
3.575886	111949	228689
3.575886	111949	228689
3.575886	111949	228689
3.575886	111949	228689
3.575886	111949	228689
3.575886	111949	228689
3.575886	111949	228689
3.575886	111949	228689
3.575886	111949	228689
3.575886	111949	228689
3.575886	111949	228689
3.575886	111949	228689
3.575886	111949	228689
3.575886	111949	228689
3.575886	111949	228689
3.575886	111949	228689
3.575886	111949	228689
3.592647	111949	228689
3.567246	111949	228689
3.567246	111949	228689
3.567246	111949	228689
3.567246	111949	228689
3.567246	111949	228689
3.567246	111949	228689
3.543310	111949	228689
3.543310	111949	228689
3.543310	111949	228689
3.543310	111949	228689
3.543310	111949	228689
3.543310	111949	228689
3.543310	111949	228689
3.543310	111949	228689
3.543310	111949	228689
3.543310	111949	228689
3.543310	111949	228689
3.471060	111949	228689
3.471060	111949	228689
3.487596	111949	228689
3.426700	111949	228689
3.426700	111949	228689
3.426700	111949	228689
3.426700	111949	228689
3.426700	111949	228689
3.428648	111949	238831
3.428648	111949	238831
3.428648	111949	238831
3.428648	111949	238831
3.428648	111949	238831
3.373308	111949	238831
3.373308	111949	238831
3.373308	111949	238831
3.373308	111949	238831
3.373308	111949	238831
3.373308	111949	238831
3.373308	111949	238831
3.380043	111949	239492
3.380043	111949	239492
3.380043	111949	239492
3.380043	111949	239492
3.362246	111949	239675
3.362246	111949	239675
3.362246	111949	239675
3.396559	111949	239675
3.400823	111949	239928
3.400823	111949	239928
3.400823	111949	239928
3.400823	111949	239928
3.400823	111949	239928
3.400823	111949	239928
3.400823	111949	239928
3.400823	111949	239928
3.400823	111949	239928
3.400823	111949	239928
3.400823	111949	239928
3.400823	111949	239928
3.400823	111949	239928
3.400823	111949	239928
3.400823	111949	239928
3.400823	111949	239928
3.400823	111949	239928
3.400823	111949	239928
3.400823	111949	239928
3.399292	111949	239928
3.419833	139836	186645
3.419833	139836	186645
3.491593	139872	186645
3.491593	139872	186645
3.491593	139872	186645
3.566575	140951	186645
3.566575	140951	186645
3.566575	140951	186645
3.566575	140951	186645
3.566575	140951	186645
10.001079	139836	143062
10.001079	139836	143062
10.001079	139836	143062
10.001079	139836	143062
10.001079	139836	143062
10.001079	139836	143062
10.001079	139836	143062
10.001079	139836	143062
20.045727	140967	142671
20.045727	140967	142671
19.064142	140967	143062
17.524452	140967	143062
3.874564	140951	186645
3.874564	140951	186645
3.874564	140951	186645
3.874564	140951	186645
3.874564	140951	186645
7.145612	141086	242466
4.301940	52347	144291
4.301940	52347	144291
4.301940	52347	144291
3.979708	52347	144291
3.979708	52347	144291
3.979708	52347	144291
3.979708	52347	144291
3.979708	52347	144291
3.979708	52347	144291
3.979708	52347	144291
3.482180	141086	242628
3.482180	141086	242628
3.482180	141086	242628
3.393161	111949	242466
3.373142	111949	242466
3.373142	111949	242466
3.373142	111949	242466
3.373142	111949	242466
4.644229	142671	186645
4.644229	142671	186645
4.644229	142671	186645
4.644229	142671	186645
4.644229	142671	186645
4.644229	142671	186645
4.435373	142671	186645
4.435373	142671	186645
4.435373	142671	186645
4.435373	142671	186645
4.435373	142671	186645
4.435373	142671	186645
4.303557	142671	186645
4.303557	142671	186645
4.303557	142671	186645
4.716876	142671	186645
4.716876	142671	186645
4.716876	142671	186645
4.716876	142671	186645
4.716876	142671	186645
4.716876	142671	186645
4.716876	142671	186645
4.716876	142671	186645
4.716876	142671	186645
3.310441	111949	242466
3.502997	52469	146214
3.502997	52469	146214
3.502997	52469	146214
3.502997	52469	146214
3.340957	111949	242466
3.340957	111949	242466
3.340957	111949	242466
3.340957	111949	242466
3.340957	111949	242466
3.340957	111949	242466
3.340957	111949	242466
5.336863	46275	146214
5.336863	46275	146214
5.781621	46275	146214
3.323635	51676	162148
3.323635	51676	162148
3.323635	51676	162148
3.323635	51676	162148
3.323635	51676	162148
3.323635	51676	162148
3.323635	51676	162148
3.272168	51676	162148
3.272168	51676	162148
3.232932	51676	162148
3.232932	51676	162148
3.207849	111949	242466
3.207849	111949	242466
3.207849	111949	242466
3.207849	111949	242466
3.499922	145553	186645
3.499922	145553	186645
3.904842	145621	186645
3.904842	145621	186645
3.904842	145621	186645
3.904842	145621	186645
3.904842	145621	186645
3.904842	145621	186645
3.279592	51676	162148
3.279592	51676	162148
3.279592	51676	162148
3.279592	51676	162148
3.270918	51676	162148
3.270918	51676	162148
3.270918	51676	162148
3.270918	51676	162148
3.270918	51676	162148
3.270918	51676	162148
3.270918	51676	162148
3.270918	51676	162148
3.270918	51676	162148
3.270918	51676	162148
3.404303	51676	162148
3.404303	51676	162148
3.404303	51676	162148
3.404303	51676	162148
3.404303	51676	162148
3.404303	51676	162148
3.404303	51676	162148
3.404303	51676	162148
3.404303	51676	162148
3.363361	51676	162148
3.363361	51676	162148
3.456536	51676	162148
3.427339	51676	162148
3.427339	51676	162148
3.427339	51676	162148
3.427339	51676	162148
3.427339	51676	162148
3.427339	51676	162148
3.427339	51676	162148
3.930667	51676	151551
3.930667	51676	151551
3.930667	51676	151551
3.930667	51676	151551
3.930667	51676	151551
3.930667	51676	151551
3.930667	51676	151551
3.930667	51676	151551
3.749337	51676	151551
3.749337	51676	151551
3.749337	51676	151551
3.749337	51676	151551
3.749337	51676	151551
3.749337	51676	151551
3.749337	51676	151551
3.749337	51676	151551
3.749337	51676	151551
3.749337	51676	151551
3.749337	51676	151551
3.749337	51676	151551
3.749337	51676	151551
3.749337	51676	151551
3.749337	51676	151551
3.749337	51676	151551
3.749337	51676	151551
3.749337	51676	151551
3.749337	51676	151551
3.749337	51676	151551
3.749337	51676	151551
3.749337	51676	151551
3.749337	51676	151551
3.749337	51676	151551
3.749337	51676	151551
3.749337	51676	151551
3.749337	51676	151551
3.749337	51676	151551
3.704500	51676	151612
5.728443	51025	151612
5.728443	51025	151612
3.892986	51676	152171
3.892986	51676	152171
3.698952	51676	152171
3.698952	51676	152171
3.645856	51676	162148
3.645856	51676	162148
3.645856	51676	162148
3.645856	51676	162148
4.092163	149065	152381
3.517609	51676	162148
3.517609	51676	162148
3.517609	51676	162148
3.517609	51676	162148
3.517609	51676	162148
3.404408	51676	162148
3.404408	51676	162148
4.375181	150892	186645
4.375181	150892	186645
3.619391	51839	162148
3.619391	51839	162148
3.637726	52442	155924
3.637726	52442	155924
3.637726	52442	155924
3.637726	52442	155924
3.637726	52442	155924
3.637726	52442	155924
3.535165	52442	162148
3.535165	52442	162148
3.533517	52442	162148
3.533517	52442	162148
3.572709	52424	162148
3.563334	52481	162148
3.535110	52538	162148
3.513841	52589	162148
3.464507	52660	162148
4.182144	52750	155924
4.316921	52750	155924
4.268270	52800	155924
4.200688	52869	155924
4.186642	52967	155924
4.186642	52967	155924
4.096279	53023	155924
4.016654	53072	155924
3.862888	53126	155924
3.553674	53189	155924
3.514261	53234	155924
3.483491	53291	155924
3.445332	53399	155924
3.445332	53399	155924
3.378937	53459	155924
3.346151	53516	155924
3.290260	53571	155924
3.228531	53622	155924
3.277908	150892	186645
3.363458	152745	186028
3.363458	152745	186028
3.363458	152745	186028
3.363458	152745	186028
3.403504	152745	186645
3.403504	152745	186645
3.403504	152745	186645
3.981069	54106	155924
3.945196	54235	155924
3.945196	54235	155924
3.939402	54283	155924
3.934060	54340	155924
3.918555	54409	155924
3.913872	54446	155924
3.887945	54503	155924
3.874574	54550	155924
3.862724	54593	155924
3.846550	54649	155924
3.841723	54706	155924
3.839702	54780	155924
3.816511	54871	155924
4.018850	54871	155924
3.971318	54939	155924
3.832720	55003	155924
3.804856	55063	155924
3.574009	55110	155924
3.471359	55137	155924
3.431455	55198	155924
3.170747	152745	186028
3.170747	152745	186028
3.170747	152745	186028
3.170747	152745	186028
3.170747	152745	186028
3.170747	152745	186028
3.170747	152745	186028
3.170747	152745	186028
3.419511	152745	186028
3.417931	152745	186028
3.417931	152745	186028
5.662607	154830	186645
5.861826	155063	186645
5.816006	155063	186645
5.816006	155063	186645
5.816006	155063	186645
5.816006	155063	186645
5.816006	155063	186645
5.816006	155063	186645
3.291284	154830	186645
2.916524	57758	158335
2.995837	150892	186645
2.995837	150892	186645
3.039990	150892	186645
3.039990	150892	186645
3.039990	150892	186645
3.039990	150892	186645
3.131466	154830	186645
3.185452	154830	186645
3.185452	154830	186645
3.185452	154830	186645
3.185452	154830	186645
3.185452	154830	186645
3.185452	154830	186645
3.185452	154830	186645
3.185452	154830	186645
3.185452	154830	186645
3.185452	154830	186645
3.185452	154830	186645
3.185452	154830	186645
3.185452	154830	186645
3.185452	154830	186645
3.185452	154830	186645
3.185452	154830	186645
3.185452	154830	186645
3.185452	154830	186645
3.185452	154830	186645
3.185452	154830	186645
3.185452	154830	186645
3.185452	154830	186645
3.185452	154830	186645
3.185452	154830	186645
3.185452	154830	186645
3.185452	154830	186645
3.185452	154830	186645
3.185452	154830	186645
3.185452	154830	186645
6.353231	156334	186645
6.103358	156334	186645
6.103358	156334	186645
6.103358	156334	186645
6.103358	156334	186645
6.103358	156334	186645
6.103358	156334	186645
6.103358	156334	186645
6.103358	156334	186645
6.103358	156334	186645
6.103358	156334	186645
6.103358	156334	186645
6.103358	156334	186645
6.103358	156334	186645
6.103358	156334	186645
6.103358	156334	186645
6.103358	156334	186645
6.103358	156334	186645
6.103358	156334	186645
6.103358	156334	186645
6.103358	156334	186645
6.103358	156334	186645
6.103358	156334	186645
6.103358	156334	186645
6.103358	156334	186645
6.103358	156334	186645
6.027359	156334	186645
6.027359	156334	186645
6.027359	156334	186645
6.027359	156334	186645
5.980422	156334	186645
5.980422	156334	186645
6.515676	158335	186645
6.515676	158335	186645
6.515676	158335	186645
6.515676	158335	186645
6.515676	158335	186645
6.515676	158335	186645
6.515676	158335	186645
6.515676	158335	186645
6.515676	158335	186645
6.515676	158335	186645
6.515676	158335	186645
6.515676	158335	186645
6.515676	158335	186645
6.418161	158335	186645
6.418161	158335	186645
6.418161	158335	186645
6.418161	158335	186645
6.418161	158335	186645
6.418161	158335	186645
6.418161	158335	186645
7.109258	158335	186645
7.109258	158335	186645
5.189148	156334	186028
5.189148	156334	186028
5.256855	156334	186028
5.256855	156334	186028
5.256855	156334	186028
5.256855	156334	186028
5.256855	156334	186028
5.256855	156334	186028
5.256855	156334	186028
5.499415	156334	186028
5.805286	158335	186028
5.805286	158335	186028
5.805286	158335	186028
5.805286	158335	186028
5.805286	158335	186028
